["2021-02-08T09:15:00+05:30", 398.0, 403.45, 397.3, 401.85, 2609877]
["2021-02-08T09:16:00+05:30", 402.15, 403.0, 401.45, 401.75, 1470752]
["2021-02-08T09:17:00+05:30", 401.7, 405.6, 401.55, 403.85, 2257671]
["2021-02-08T09:18:00+05:30", 403.75, 404.35, 403.4, 403.75, 950866]
["2021-02-08T09:19:00+05:30", 403.7, 405.95, 403.7, 405.0, 1220879]
["2021-02-08T09:20:00+05:30", 405.1, 407.6, 405.0, 406.9, 1760323]
["2021-02-08T09:21:00+05:30", 407.1, 407.8, 406.0, 406.1, 1365394]
["2021-02-08T09:22:00+05:30", 406.05, 406.2, 403.95, 403.95, 805451]
["2021-02-08T09:23:00+05:30", 403.8, 405.7, 403.5, 405.6, 769551]
["2021-02-08T09:24:00+05:30", 405.7, 406.2, 405.3, 405.75, 424434]
["2021-02-08T09:25:00+05:30", 405.9, 406.1, 404.5, 405.15, 540494]
["2021-02-08T09:26:00+05:30", 405.0, 405.25, 404.45, 404.65, 348103]
["2021-02-08T09:27:00+05:30", 404.55, 404.6, 402.9, 403.2, 824645]
["2021-02-08T09:28:00+05:30", 403.25, 403.95, 402.6, 403.2, 621849]
["2021-02-08T09:29:00+05:30", 403.35, 403.5, 402.8, 403.35, 346809]
["2021-02-08T09:30:00+05:30", 403.35, 404.35, 403.35, 404.1, 312531]
["2021-02-08T09:31:00+05:30", 403.55, 403.55, 401.0, 402.2, 1118393]
["2021-02-08T09:32:00+05:30", 401.95, 402.0, 400.7, 400.95, 493736]
["2021-02-08T09:33:00+05:30", 400.85, 401.2, 399.6, 399.8, 944072]
["2021-02-08T09:34:00+05:30", 399.8, 400.75, 399.55, 400.4, 481575]
["2021-02-08T09:35:00+05:30", 400.4, 401.5, 400.35, 401.1, 328234]
["2021-02-08T09:36:00+05:30", 401.1, 401.3, 400.9, 401.1, 246774]
["2021-02-08T09:37:00+05:30", 401.1, 401.4, 399.8, 399.8, 394727]
["2021-02-08T09:38:00+05:30", 399.65, 400.2, 399.05, 400.0, 659002]
["2021-02-08T09:39:00+05:30", 400.45, 400.8, 399.5, 399.5, 251882]
["2021-02-08T09:40:00+05:30", 399.25, 399.65, 398.6, 398.75, 469601]
["2021-02-08T09:41:00+05:30", 398.8, 398.9, 397.7, 398.5, 587803]
["2021-02-08T09:42:00+05:30", 398.45, 398.7, 397.0, 398.05, 841850]
["2021-02-08T09:43:00+05:30", 398.1, 398.3, 397.6, 398.3, 279886]
["2021-02-08T09:44:00+05:30", 398.2, 399.4, 398.2, 399.4, 371162]
["2021-02-08T09:45:00+05:30", 399.45, 400.25, 399.4, 400.15, 541526]
["2021-02-08T09:46:00+05:30", 400.15, 402.3, 400.15, 402.3, 1077471]
["2021-02-08T09:47:00+05:30", 402.05, 402.6, 401.4, 402.55, 808829]
["2021-02-08T09:48:00+05:30", 402.5, 402.6, 402.05, 402.2, 438956]
["2021-02-08T09:49:00+05:30", 402.2, 402.2, 401.6, 401.95, 332149]
["2021-02-08T09:50:00+05:30", 402.0, 402.65, 402.0, 402.35, 394545]
["2021-02-08T09:51:00+05:30", 402.3, 402.5, 402.0, 402.0, 242854]
["2021-02-08T09:52:00+05:30", 402.2, 403.3, 402.0, 403.15, 841793]
["2021-02-08T09:53:00+05:30", 403.1, 404.0, 402.9, 403.85, 805881]
["2021-02-08T09:54:00+05:30", 403.5, 404.6, 402.3, 402.95, 1889831]
["2021-02-08T09:55:00+05:30", 402.6, 402.85, 401.75, 401.9, 394789]
["2021-02-08T09:56:00+05:30", 401.85, 402.0, 401.6, 401.7, 217035]
["2021-02-08T09:57:00+05:30", 401.8, 402.0, 401.65, 401.7, 230292]
["2021-02-08T09:58:00+05:30", 401.75, 402.75, 401.4, 402.5, 328923]
["2021-02-08T09:59:00+05:30", 402.6, 402.6, 401.8, 401.9, 216740]
["2021-02-08T10:00:00+05:30", 401.8, 402.0, 401.5, 401.9, 152405]
["2021-02-08T10:01:00+05:30", 401.8, 402.5, 401.7, 402.35, 214264]
["2021-02-08T10:02:00+05:30", 402.45, 404.4, 402.35, 404.25, 640918]
["2021-02-08T10:03:00+05:30", 404.2, 404.9, 403.8, 404.9, 678010]
["2021-02-08T10:04:00+05:30", 404.75, 404.9, 404.25, 404.4, 416286]
["2021-02-08T10:05:00+05:30", 404.45, 404.45, 403.65, 403.7, 236636]
["2021-02-08T10:06:00+05:30", 403.5, 404.75, 403.5, 404.25, 363602]
["2021-02-08T10:07:00+05:30", 404.15, 405.0, 404.15, 404.45, 626542]
["2021-02-08T10:08:00+05:30", 404.45, 404.65, 404.0, 404.35, 243383]
["2021-02-08T10:09:00+05:30", 404.35, 404.45, 403.85, 403.85, 171362]
["2021-02-08T10:10:00+05:30", 403.8, 404.0, 403.35, 403.5, 160638]
["2021-02-08T10:11:00+05:30", 403.5, 403.8, 402.85, 403.25, 172496]
["2021-02-08T10:12:00+05:30", 403.25, 403.35, 403.05, 403.2, 63531]
["2021-02-08T10:13:00+05:30", 403.05, 403.2, 402.65, 402.8, 146128]
["2021-02-08T10:14:00+05:30", 402.85, 402.95, 402.1, 402.2, 156095]
["2021-02-08T10:15:00+05:30", 402.45, 402.65, 402.2, 402.3, 122885]
["2021-02-08T10:16:00+05:30", 402.45, 402.55, 401.6, 402.5, 294355]
["2021-02-08T10:17:00+05:30", 402.4, 402.75, 401.7, 401.75, 151035]
["2021-02-08T10:18:00+05:30", 401.9, 402.0, 401.2, 401.4, 256987]
["2021-02-08T10:19:00+05:30", 401.75, 401.9, 400.6, 401.1, 418635]
["2021-02-08T10:20:00+05:30", 401.2, 401.95, 401.15, 401.85, 100358]
["2021-02-08T10:21:00+05:30", 401.75, 402.0, 401.5, 401.7, 137568]
["2021-02-08T10:22:00+05:30", 401.7, 401.9, 401.5, 401.8, 85687]
["2021-02-08T10:23:00+05:30", 401.65, 402.25, 401.6, 401.85, 216904]
["2021-02-08T10:24:00+05:30", 401.8, 401.85, 401.3, 401.35, 141792]
["2021-02-08T10:25:00+05:30", 401.35, 401.6, 401.2, 401.6, 68709]
["2021-02-08T10:26:00+05:30", 401.5, 402.0, 401.5, 401.8, 58517]
["2021-02-08T10:27:00+05:30", 401.8, 401.8, 401.5, 401.7, 48921]
["2021-02-08T10:28:00+05:30", 401.7, 401.95, 401.45, 401.6, 115357]
["2021-02-08T10:29:00+05:30", 401.6, 401.8, 401.5, 401.55, 76293]
["2021-02-08T10:30:00+05:30", 401.6, 401.6, 401.0, 401.0, 140144]
["2021-02-08T10:31:00+05:30", 401.05, 401.5, 400.7, 401.25, 177946]
["2021-02-08T10:32:00+05:30", 401.1, 401.7, 401.1, 401.4, 60339]
["2021-02-08T10:33:00+05:30", 401.55, 402.5, 401.4, 402.2, 166095]
["2021-02-08T10:34:00+05:30", 402.5, 402.5, 401.8, 402.0, 99380]
["2021-02-08T10:35:00+05:30", 402.1, 402.15, 401.8, 402.15, 71052]
["2021-02-08T10:36:00+05:30", 402.15, 402.3, 402.1, 402.1, 77856]
["2021-02-08T10:37:00+05:30", 402.25, 402.3, 402.0, 402.1, 42715]
["2021-02-08T10:38:00+05:30", 402.05, 402.2, 401.55, 401.7, 89656]
["2021-02-08T10:39:00+05:30", 401.85, 401.85, 401.2, 401.3, 91124]
["2021-02-08T10:40:00+05:30", 401.3, 401.4, 400.6, 401.15, 205007]
["2021-02-08T10:41:00+05:30", 401.0, 401.2, 400.75, 400.85, 96883]
["2021-02-08T10:42:00+05:30", 400.9, 401.05, 400.75, 400.8, 87279]
["2021-02-08T10:43:00+05:30", 400.85, 400.95, 400.3, 400.35, 130264]
["2021-02-08T10:44:00+05:30", 400.5, 400.85, 400.3, 400.85, 98273]
["2021-02-08T10:45:00+05:30", 400.7, 400.75, 400.3, 400.45, 150515]
["2021-02-08T10:46:00+05:30", 400.4, 400.6, 400.35, 400.6, 54498]
["2021-02-08T10:47:00+05:30", 400.6, 401.4, 400.45, 401.25, 101528]
["2021-02-08T10:48:00+05:30", 401.4, 401.4, 400.8, 400.8, 52834]
["2021-02-08T10:49:00+05:30", 400.95, 400.95, 400.7, 400.9, 55090]
["2021-02-08T10:50:00+05:30", 400.85, 400.9, 400.35, 400.45, 93240]
["2021-02-08T10:51:00+05:30", 400.4, 400.45, 400.3, 400.3, 54598]
["2021-02-08T10:52:00+05:30", 400.4, 400.6, 400.2, 400.5, 228745]
["2021-02-08T10:53:00+05:30", 400.55, 400.9, 400.3, 400.4, 62891]
["2021-02-08T10:54:00+05:30", 400.35, 400.5, 400.3, 400.4, 45497]
["2021-02-08T10:55:00+05:30", 400.45, 400.85, 400.45, 400.85, 74822]
["2021-02-08T10:56:00+05:30", 400.8, 400.9, 400.65, 400.7, 45384]
["2021-02-08T10:57:00+05:30", 400.65, 400.9, 400.65, 400.8, 49404]
["2021-02-08T10:58:00+05:30", 400.8, 400.8, 400.5, 400.65, 50211]
["2021-02-08T10:59:00+05:30", 400.75, 400.75, 400.25, 400.25, 111773]
["2021-02-08T11:00:00+05:30", 400.15, 400.2, 399.75, 399.8, 408858]
["2021-02-08T11:01:00+05:30", 399.7, 400.0, 399.5, 399.8, 135131]
["2021-02-08T11:02:00+05:30", 399.85, 399.95, 399.25, 399.55, 224947]
["2021-02-08T11:03:00+05:30", 399.65, 400.45, 399.5, 400.05, 140392]
["2021-02-08T11:04:00+05:30", 400.1, 400.35, 400.0, 400.35, 57734]
["2021-02-08T11:05:00+05:30", 400.35, 400.65, 400.15, 400.15, 121865]
["2021-02-08T11:06:00+05:30", 400.1, 400.15, 399.75, 399.85, 85845]
["2021-02-08T11:07:00+05:30", 399.9, 400.0, 399.65, 399.9, 80127]
["2021-02-08T11:08:00+05:30", 400.0, 400.4, 399.85, 400.25, 70364]
["2021-02-08T11:09:00+05:30", 400.4, 400.4, 400.15, 400.35, 37499]
["2021-02-08T11:10:00+05:30", 400.35, 400.35, 399.75, 400.05, 87159]
["2021-02-08T11:11:00+05:30", 400.15, 400.2, 399.8, 399.95, 47792]
["2021-02-08T11:12:00+05:30", 399.9, 399.95, 399.55, 399.85, 70597]
["2021-02-08T11:13:00+05:30", 399.8, 400.1, 399.8, 399.95, 91814]
["2021-02-08T11:14:00+05:30", 399.9, 400.0, 399.3, 400.0, 217194]
["2021-02-08T11:15:00+05:30", 399.9, 400.05, 399.75, 399.9, 74782]
["2021-02-08T11:16:00+05:30", 399.95, 399.95, 399.7, 399.9, 34641]
["2021-02-08T11:17:00+05:30", 399.9, 399.9, 399.8, 399.8, 34827]
["2021-02-08T11:18:00+05:30", 399.8, 399.95, 399.75, 399.85, 30982]
["2021-02-08T11:19:00+05:30", 399.9, 400.0, 399.8, 399.9, 39583]
["2021-02-08T11:20:00+05:30", 399.9, 400.1, 399.9, 400.0, 105396]
["2021-02-08T11:21:00+05:30", 400.0, 400.05, 399.85, 399.95, 51442]
["2021-02-08T11:22:00+05:30", 399.95, 400.3, 399.9, 400.1, 72195]
["2021-02-08T11:23:00+05:30", 400.2, 400.35, 399.0, 399.3, 268644]
["2021-02-08T11:24:00+05:30", 399.3, 399.5, 399.05, 399.1, 128266]
["2021-02-08T11:25:00+05:30", 398.8, 399.5, 398.6, 399.1, 288834]
["2021-02-08T11:26:00+05:30", 399.35, 399.6, 399.1, 399.6, 78399]
["2021-02-08T11:27:00+05:30", 399.55, 399.7, 399.4, 399.6, 41945]
["2021-02-08T11:28:00+05:30", 399.5, 399.7, 399.5, 399.7, 36576]
["2021-02-08T11:29:00+05:30", 399.6, 399.6, 398.65, 398.9, 188929]
["2021-02-08T11:30:00+05:30", 399.0, 399.0, 398.55, 398.9, 201454]
["2021-02-08T11:31:00+05:30", 398.75, 399.0, 398.7, 398.9, 65993]
["2021-02-08T11:32:00+05:30", 398.9, 399.0, 398.8, 398.95, 52265]
["2021-02-08T11:33:00+05:30", 398.95, 399.4, 398.9, 399.3, 163400]
["2021-02-08T11:34:00+05:30", 399.35, 399.5, 399.25, 399.5, 70625]
["2021-02-08T11:35:00+05:30", 399.5, 399.9, 399.45, 399.7, 78705]
["2021-02-08T11:36:00+05:30", 399.7, 399.7, 399.3, 399.5, 44995]
["2021-02-08T11:37:00+05:30", 399.5, 399.7, 399.5, 399.6, 28343]
["2021-02-08T11:38:00+05:30", 399.75, 399.75, 399.35, 399.55, 57479]
["2021-02-08T11:39:00+05:30", 399.5, 399.9, 399.5, 399.9, 64342]
["2021-02-08T11:40:00+05:30", 399.9, 400.0, 399.7, 399.85, 63196]
["2021-02-08T11:41:00+05:30", 399.9, 399.9, 399.6, 399.7, 33580]
["2021-02-08T11:42:00+05:30", 399.7, 399.75, 399.15, 399.2, 98553]
["2021-02-08T11:43:00+05:30", 399.2, 399.35, 398.75, 398.75, 169921]
["2021-02-08T11:44:00+05:30", 398.55, 399.5, 398.55, 399.35, 70422]
["2021-02-08T11:45:00+05:30", 399.4, 399.5, 399.0, 399.1, 99529]
["2021-02-08T11:46:00+05:30", 399.15, 399.7, 399.1, 399.4, 89868]
["2021-02-08T11:47:00+05:30", 399.3, 399.8, 399.3, 399.5, 58024]
["2021-02-08T11:48:00+05:30", 399.5, 399.5, 399.25, 399.4, 58931]
["2021-02-08T11:49:00+05:30", 399.25, 399.6, 399.2, 399.2, 47493]
["2021-02-08T11:50:00+05:30", 399.15, 399.2, 398.75, 398.85, 110175]
["2021-02-08T11:51:00+05:30", 398.95, 398.95, 398.2, 398.5, 227240]
["2021-02-08T11:52:00+05:30", 398.4, 398.7, 398.3, 398.7, 136431]
["2021-02-08T11:53:00+05:30", 398.6, 398.9, 398.5, 398.9, 72331]
["2021-02-08T11:54:00+05:30", 398.85, 399.25, 398.75, 399.2, 52128]
["2021-02-08T11:55:00+05:30", 399.2, 399.55, 399.1, 399.25, 85249]
["2021-02-08T11:56:00+05:30", 399.25, 399.4, 399.0, 399.2, 56629]
["2021-02-08T11:57:00+05:30", 399.2, 399.6, 399.0, 399.35, 91043]
["2021-02-08T11:58:00+05:30", 399.35, 399.35, 398.8, 398.9, 86157]
["2021-02-08T11:59:00+05:30", 398.85, 398.9, 398.45, 398.85, 97468]
["2021-02-08T12:00:00+05:30", 398.7, 398.75, 397.5, 398.2, 465960]
["2021-02-08T12:01:00+05:30", 398.15, 398.2, 397.35, 397.7, 236956]
["2021-02-08T12:02:00+05:30", 397.8, 397.95, 397.6, 397.8, 116765]
["2021-02-08T12:03:00+05:30", 397.75, 398.3, 397.75, 398.0, 162212]
["2021-02-08T12:04:00+05:30", 398.05, 398.2, 397.25, 397.5, 219622]
["2021-02-08T12:05:00+05:30", 397.6, 398.0, 397.45, 397.85, 72911]
["2021-02-08T12:06:00+05:30", 397.7, 398.0, 397.7, 398.0, 49299]
["2021-02-08T12:07:00+05:30", 397.95, 398.0, 396.25, 396.6, 720417]
["2021-02-08T12:08:00+05:30", 396.75, 397.4, 396.55, 397.3, 182795]
["2021-02-08T12:09:00+05:30", 397.35, 397.35, 395.85, 396.35, 405797]
["2021-02-08T12:10:00+05:30", 396.35, 396.35, 395.5, 395.85, 346255]
["2021-02-08T12:11:00+05:30", 395.7, 396.75, 395.7, 396.35, 207201]
["2021-02-08T12:12:00+05:30", 396.4, 396.7, 396.25, 396.25, 142730]
["2021-02-08T12:13:00+05:30", 396.05, 396.3, 395.85, 396.3, 202990]
["2021-02-08T12:14:00+05:30", 396.4, 396.7, 396.25, 396.5, 97763]
["2021-02-08T12:15:00+05:30", 396.5, 396.6, 395.15, 395.2, 340935]
["2021-02-08T12:16:00+05:30", 395.4, 396.0, 395.1, 395.9, 196198]
["2021-02-08T12:17:00+05:30", 396.0, 396.0, 395.3, 395.35, 171183]
["2021-02-08T12:18:00+05:30", 395.4, 395.75, 395.1, 395.7, 148392]
["2021-02-08T12:19:00+05:30", 395.65, 395.85, 395.25, 395.4, 107220]
["2021-02-08T12:20:00+05:30", 395.25, 396.8, 395.2, 396.35, 251944]
["2021-02-08T12:21:00+05:30", 396.5, 396.9, 396.35, 396.75, 98619]
["2021-02-08T12:22:00+05:30", 396.75, 397.4, 396.65, 396.65, 214933]
["2021-02-08T12:23:00+05:30", 396.75, 396.75, 395.5, 395.65, 187031]
["2021-02-08T12:24:00+05:30", 395.8, 396.45, 395.7, 395.7, 114087]
["2021-02-08T12:25:00+05:30", 395.7, 395.8, 394.75, 395.5, 522213]
["2021-02-08T12:26:00+05:30", 395.4, 396.2, 395.25, 396.0, 181414]
["2021-02-08T12:27:00+05:30", 395.85, 396.2, 395.4, 396.15, 133818]
["2021-02-08T12:28:00+05:30", 396.1, 396.3, 395.55, 396.05, 71484]
["2021-02-08T12:29:00+05:30", 396.15, 396.3, 395.75, 396.0, 95013]
["2021-02-08T12:30:00+05:30", 396.15, 396.25, 395.8, 396.1, 61825]
["2021-02-08T12:31:00+05:30", 396.05, 397.0, 396.0, 396.95, 177847]
["2021-02-08T12:32:00+05:30", 396.75, 397.2, 396.25, 397.15, 188906]
["2021-02-08T12:33:00+05:30", 397.15, 397.45, 396.95, 397.15, 174029]
["2021-02-08T12:34:00+05:30", 397.25, 397.5, 397.1, 397.45, 124249]
["2021-02-08T12:35:00+05:30", 397.4, 397.6, 397.0, 397.6, 220364]
["2021-02-08T12:36:00+05:30", 397.65, 397.8, 396.9, 397.2, 165780]
["2021-02-08T12:37:00+05:30", 397.25, 397.95, 397.15, 397.8, 159558]
["2021-02-08T12:38:00+05:30", 397.8, 399.4, 397.8, 398.9, 378483]
["2021-02-08T12:39:00+05:30", 398.9, 398.9, 398.0, 398.0, 185956]
["2021-02-08T12:40:00+05:30", 398.2, 398.45, 398.0, 398.45, 65394]
["2021-02-08T12:41:00+05:30", 398.5, 398.5, 398.15, 398.15, 71309]
["2021-02-08T12:42:00+05:30", 398.15, 398.2, 397.6, 397.8, 143091]
["2021-02-08T12:43:00+05:30", 397.95, 398.3, 397.8, 397.8, 73857]
["2021-02-08T12:44:00+05:30", 397.9, 397.95, 397.15, 397.5, 103374]
["2021-02-08T12:45:00+05:30", 397.5, 397.6, 396.85, 397.0, 141075]
["2021-02-08T12:46:00+05:30", 397.2, 397.3, 396.75, 396.8, 106008]
["2021-02-08T12:47:00+05:30", 396.8, 397.1, 396.6, 396.8, 86362]
["2021-02-08T12:48:00+05:30", 397.0, 397.7, 397.0, 397.35, 92275]
["2021-02-08T12:49:00+05:30", 397.3, 397.8, 397.3, 397.8, 40984]
["2021-02-08T12:50:00+05:30", 397.8, 397.8, 396.85, 396.85, 105368]
["2021-02-08T12:51:00+05:30", 396.85, 397.0, 396.65, 396.7, 63455]
["2021-02-08T12:52:00+05:30", 396.65, 397.0, 396.5, 397.0, 101553]
["2021-02-08T12:53:00+05:30", 396.95, 397.35, 396.9, 397.1, 60475]
["2021-02-08T12:54:00+05:30", 397.1, 397.3, 396.5, 396.6, 55099]
["2021-02-08T12:55:00+05:30", 396.55, 396.85, 396.2, 396.5, 113203]
["2021-02-08T12:56:00+05:30", 396.6, 396.6, 396.15, 396.3, 72852]
["2021-02-08T12:57:00+05:30", 396.3, 396.4, 395.6, 396.0, 212789]
["2021-02-08T12:58:00+05:30", 396.0, 396.5, 395.95, 396.45, 89008]
["2021-02-08T12:59:00+05:30", 396.5, 396.9, 396.35, 396.75, 53563]
["2021-02-08T13:00:00+05:30", 396.9, 396.95, 396.15, 396.2, 70994]
["2021-02-08T13:01:00+05:30", 396.3, 396.8, 396.2, 396.6, 50902]
["2021-02-08T13:02:00+05:30", 396.6, 396.75, 396.0, 396.1, 107285]
["2021-02-08T13:03:00+05:30", 396.1, 396.4, 396.1, 396.3, 82918]
["2021-02-08T13:04:00+05:30", 396.3, 396.7, 396.05, 396.65, 64013]
["2021-02-08T13:05:00+05:30", 396.6, 396.9, 396.45, 396.75, 67373]
["2021-02-08T13:06:00+05:30", 396.75, 396.8, 396.6, 396.8, 26409]
["2021-02-08T13:07:00+05:30", 396.75, 396.8, 396.45, 396.7, 31868]
["2021-02-08T13:08:00+05:30", 396.65, 396.7, 396.35, 396.65, 43867]
["2021-02-08T13:09:00+05:30", 396.6, 397.0, 396.6, 396.9, 58090]
["2021-02-08T13:10:00+05:30", 396.9, 398.3, 396.85, 398.3, 238174]
["2021-02-08T13:11:00+05:30", 398.0, 398.5, 397.55, 397.6, 217623]
["2021-02-08T13:12:00+05:30", 397.75, 397.9, 397.4, 397.7, 65491]
["2021-02-08T13:13:00+05:30", 397.85, 398.2, 397.65, 398.0, 124097]
["2021-02-08T13:14:00+05:30", 398.0, 398.4, 398.0, 398.4, 87906]
["2021-02-08T13:15:00+05:30", 398.2, 398.4, 397.8, 397.8, 112197]
["2021-02-08T13:16:00+05:30", 397.95, 398.2, 397.85, 398.1, 84051]
["2021-02-08T13:17:00+05:30", 398.2, 398.25, 398.0, 398.15, 46577]
["2021-02-08T13:18:00+05:30", 398.15, 398.2, 397.6, 397.7, 51211]
["2021-02-08T13:19:00+05:30", 397.7, 397.95, 397.6, 397.85, 49229]
["2021-02-08T13:20:00+05:30", 397.75, 397.95, 397.4, 397.4, 67812]
["2021-02-08T13:21:00+05:30", 397.3, 397.75, 397.15, 397.35, 68622]
["2021-02-08T13:22:00+05:30", 397.2, 397.65, 397.05, 397.5, 73296]
["2021-02-08T13:23:00+05:30", 397.55, 397.75, 397.5, 397.65, 30957]
["2021-02-08T13:24:00+05:30", 397.65, 397.85, 397.6, 397.85, 42521]
["2021-02-08T13:25:00+05:30", 397.85, 398.0, 397.7, 398.0, 57651]
["2021-02-08T13:26:00+05:30", 397.95, 398.0, 397.8, 397.8, 48657]
["2021-02-08T13:27:00+05:30", 397.7, 397.85, 397.5, 397.7, 27425]
["2021-02-08T13:28:00+05:30", 397.75, 398.0, 397.6, 398.0, 28472]
["2021-02-08T13:29:00+05:30", 398.0, 398.0, 397.8, 397.95, 24010]
["2021-02-08T13:30:00+05:30", 398.0, 398.0, 397.8, 397.9, 62654]
["2021-02-08T13:31:00+05:30", 397.8, 397.95, 397.55, 397.75, 61166]
["2021-02-08T13:32:00+05:30", 397.75, 397.9, 397.6, 397.8, 29849]
["2021-02-08T13:33:00+05:30", 397.75, 397.8, 397.6, 397.65, 23064]
["2021-02-08T13:34:00+05:30", 397.75, 398.0, 397.6, 397.95, 48635]
["2021-02-08T13:35:00+05:30", 398.0, 398.4, 397.85, 398.35, 132355]
["2021-02-08T13:36:00+05:30", 398.35, 398.35, 397.65, 397.7, 101756]
["2021-02-08T13:37:00+05:30", 397.75, 397.95, 397.7, 397.9, 22034]
["2021-02-08T13:38:00+05:30", 397.95, 397.95, 397.55, 397.95, 47242]
["2021-02-08T13:39:00+05:30", 397.95, 397.95, 397.55, 397.55, 42536]
["2021-02-08T13:40:00+05:30", 397.6, 397.95, 397.55, 397.7, 40861]
["2021-02-08T13:41:00+05:30", 397.7, 397.75, 396.8, 397.15, 168582]
["2021-02-08T13:42:00+05:30", 397.05, 397.55, 396.8, 397.45, 99681]
["2021-02-08T13:43:00+05:30", 397.5, 397.75, 397.05, 397.3, 43297]
["2021-02-08T13:44:00+05:30", 397.25, 397.35, 397.05, 397.15, 31529]
["2021-02-08T13:45:00+05:30", 397.1, 397.2, 396.8, 397.05, 87286]
["2021-02-08T13:46:00+05:30", 397.25, 397.4, 397.05, 397.2, 33577]
["2021-02-08T13:47:00+05:30", 397.2, 397.7, 397.15, 397.55, 51094]
["2021-02-08T13:48:00+05:30", 397.55, 397.8, 397.3, 397.4, 49234]
["2021-02-08T13:49:00+05:30", 397.4, 397.75, 397.4, 397.5, 44134]
["2021-02-08T13:50:00+05:30", 397.5, 397.7, 397.5, 397.6, 26067]
["2021-02-08T13:51:00+05:30", 397.6, 397.85, 397.5, 397.7, 43244]
["2021-02-08T13:52:00+05:30", 397.8, 398.1, 397.7, 397.95, 122658]
["2021-02-08T13:53:00+05:30", 397.95, 397.95, 397.55, 397.65, 39165]
["2021-02-08T13:54:00+05:30", 397.65, 397.9, 397.55, 397.9, 27718]
["2021-02-08T13:55:00+05:30", 397.9, 397.9, 397.55, 397.75, 45876]
["2021-02-08T13:56:00+05:30", 397.9, 399.3, 397.75, 399.3, 375824]
["2021-02-08T13:57:00+05:30", 399.3, 400.0, 399.3, 399.4, 562763]
["2021-02-08T13:58:00+05:30", 399.45, 401.0, 399.2, 400.5, 843185]
["2021-02-08T13:59:00+05:30", 400.6, 401.45, 399.75, 400.6, 534664]
["2021-02-08T14:00:00+05:30", 400.7, 401.25, 400.25, 400.45, 326289]
["2021-02-08T14:01:00+05:30", 400.25, 400.5, 399.7, 399.8, 214996]
["2021-02-08T14:02:00+05:30", 399.8, 400.2, 399.6, 400.0, 170279]
["2021-02-08T14:03:00+05:30", 399.85, 400.05, 399.55, 399.6, 90970]
["2021-02-08T14:04:00+05:30", 399.6, 400.1, 399.6, 399.8, 137556]
["2021-02-08T14:05:00+05:30", 399.85, 400.1, 399.8, 400.0, 105553]
["2021-02-08T14:06:00+05:30", 399.95, 400.7, 399.9, 400.05, 210300]
["2021-02-08T14:07:00+05:30", 400.0, 400.2, 398.75, 399.0, 278450]
["2021-02-08T14:08:00+05:30", 399.0, 399.35, 398.8, 398.9, 174250]
["2021-02-08T14:09:00+05:30", 398.95, 399.2, 398.75, 398.95, 114226]
["2021-02-08T14:10:00+05:30", 398.9, 399.0, 398.85, 398.95, 70994]
["2021-02-08T14:11:00+05:30", 399.0, 399.25, 398.6, 398.7, 172871]
["2021-02-08T14:12:00+05:30", 398.75, 399.0, 398.65, 399.0, 81928]
["2021-02-08T14:13:00+05:30", 398.95, 399.0, 398.6, 398.8, 105005]
["2021-02-08T14:14:00+05:30", 398.85, 398.85, 398.35, 398.6, 98599]
["2021-02-08T14:15:00+05:30", 398.6, 399.1, 398.5, 399.0, 104926]
["2021-02-08T14:16:00+05:30", 399.0, 399.3, 398.85, 399.0, 92586]
["2021-02-08T14:17:00+05:30", 399.0, 399.1, 398.8, 399.1, 46958]
["2021-02-08T14:18:00+05:30", 399.0, 399.2, 398.9, 399.0, 67675]
["2021-02-08T14:19:00+05:30", 399.05, 399.2, 398.85, 399.0, 60673]
["2021-02-08T14:20:00+05:30", 399.0, 399.05, 398.85, 398.85, 60215]
["2021-02-08T14:21:00+05:30", 398.95, 399.0, 398.75, 398.8, 50976]
["2021-02-08T14:22:00+05:30", 398.8, 399.15, 398.7, 398.95, 102949]
["2021-02-08T14:23:00+05:30", 398.95, 399.1, 398.75, 398.95, 46386]
["2021-02-08T14:24:00+05:30", 398.95, 399.0, 398.05, 398.1, 144800]
["2021-02-08T14:25:00+05:30", 398.2, 398.3, 397.65, 398.2, 236971]
["2021-02-08T14:26:00+05:30", 398.15, 398.7, 398.05, 398.55, 92645]
["2021-02-08T14:27:00+05:30", 398.65, 399.2, 398.65, 398.8, 200865]
["2021-02-08T14:28:00+05:30", 398.85, 398.9, 398.55, 398.8, 64035]
["2021-02-08T14:29:00+05:30", 398.75, 398.9, 398.7, 398.9, 52218]
["2021-02-08T14:30:00+05:30", 398.9, 399.3, 398.7, 398.85, 137134]
["2021-02-08T14:31:00+05:30", 398.7, 398.9, 398.0, 398.3, 114639]
["2021-02-08T14:32:00+05:30", 398.3, 398.45, 398.2, 398.25, 48154]
["2021-02-08T14:33:00+05:30", 398.25, 398.4, 397.9, 398.15, 149092]
["2021-02-08T14:34:00+05:30", 398.05, 398.4, 398.0, 398.4, 67642]
["2021-02-08T14:35:00+05:30", 398.4, 398.8, 398.25, 398.65, 83923]
["2021-02-08T14:36:00+05:30", 398.6, 398.7, 398.0, 398.0, 187485]
["2021-02-08T14:37:00+05:30", 398.0, 398.4, 398.0, 398.4, 62119]
["2021-02-08T14:38:00+05:30", 398.3, 398.75, 398.3, 398.55, 57393]
["2021-02-08T14:39:00+05:30", 398.55, 398.7, 398.2, 398.2, 55511]
["2021-02-08T14:40:00+05:30", 398.2, 398.35, 398.0, 398.2, 155739]
["2021-02-08T14:41:00+05:30", 398.2, 398.35, 398.2, 398.35, 70324]
["2021-02-08T14:42:00+05:30", 398.3, 398.4, 397.8, 397.85, 120806]
["2021-02-08T14:43:00+05:30", 397.95, 398.0, 397.6, 397.6, 110169]
["2021-02-08T14:44:00+05:30", 397.55, 397.75, 397.2, 397.6, 261844]
["2021-02-08T14:45:00+05:30", 397.7, 398.1, 397.7, 398.1, 74633]
["2021-02-08T14:46:00+05:30", 398.1, 398.45, 398.1, 398.4, 67683]
["2021-02-08T14:47:00+05:30", 398.35, 398.65, 398.3, 398.6, 123526]
["2021-02-08T14:48:00+05:30", 398.6, 398.8, 398.35, 398.6, 124104]
["2021-02-08T14:49:00+05:30", 398.65, 398.9, 398.5, 398.65, 67196]
["2021-02-08T14:50:00+05:30", 398.65, 398.7, 397.5, 397.8, 221057]
["2021-02-08T14:51:00+05:30", 397.8, 397.85, 397.6, 397.65, 73524]
["2021-02-08T14:52:00+05:30", 397.8, 397.85, 397.65, 397.7, 92481]
["2021-02-08T14:53:00+05:30", 397.65, 397.9, 397.65, 397.9, 52097]
["2021-02-08T14:54:00+05:30", 397.9, 398.05, 397.75, 397.9, 100195]
["2021-02-08T14:55:00+05:30", 398.05, 398.05, 397.5, 397.7, 87388]
["2021-02-08T14:56:00+05:30", 397.7, 397.9, 397.7, 397.8, 89270]
["2021-02-08T14:57:00+05:30", 397.7, 397.95, 397.7, 397.85, 53422]
["2021-02-08T14:58:00+05:30", 397.9, 398.8, 397.8, 398.3, 306417]
["2021-02-08T14:59:00+05:30", 398.3, 398.5, 397.85, 397.9, 124556]
["2021-02-08T15:00:00+05:30", 397.95, 398.05, 397.55, 397.6, 137427]
["2021-02-08T15:01:00+05:30", 397.65, 397.85, 397.6, 397.8, 148875]
["2021-02-08T15:02:00+05:30", 397.7, 397.8, 397.6, 397.7, 74633]
["2021-02-08T15:03:00+05:30", 397.7, 398.4, 397.7, 398.4, 168476]
["2021-02-08T15:04:00+05:30", 398.4, 398.6, 398.2, 398.55, 320342]
["2021-02-08T15:05:00+05:30", 398.55, 398.7, 398.5, 398.55, 160748]
["2021-02-08T15:06:00+05:30", 398.4, 398.45, 397.7, 397.9, 166521]
["2021-02-08T15:07:00+05:30", 397.9, 398.4, 397.8, 398.4, 142930]
["2021-02-08T15:08:00+05:30", 398.35, 398.5, 398.25, 398.35, 120770]
["2021-02-08T15:09:00+05:30", 398.4, 398.45, 398.1, 398.25, 122217]
["2021-02-08T15:10:00+05:30", 398.25, 398.3, 397.5, 397.5, 517978]
["2021-02-08T15:11:00+05:30", 397.6, 397.6, 397.0, 397.2, 468291]
["2021-02-08T15:12:00+05:30", 397.2, 397.85, 397.2, 397.75, 231468]
["2021-02-08T15:13:00+05:30", 397.65, 397.75, 397.35, 397.6, 206551]
["2021-02-08T15:14:00+05:30", 397.75, 397.95, 397.55, 397.65, 206837]
["2021-02-08T15:15:00+05:30", 397.55, 397.8, 397.35, 397.35, 365759]
["2021-02-08T15:16:00+05:30", 397.55, 398.05, 397.5, 398.0, 403277]
["2021-02-08T15:17:00+05:30", 398.05, 398.05, 397.3, 397.35, 445538]
["2021-02-08T15:18:00+05:30", 397.4, 397.5, 397.05, 397.05, 200462]
["2021-02-08T15:19:00+05:30", 397.2, 397.2, 396.0, 396.05, 396341]
["2021-02-08T15:20:00+05:30", 396.15, 396.15, 395.25, 395.25, 638868]
["2021-02-08T15:21:00+05:30", 395.3, 396.75, 395.3, 396.65, 560495]
["2021-02-08T15:22:00+05:30", 396.5, 396.5, 395.0, 395.3, 442423]
["2021-02-08T15:23:00+05:30", 395.3, 395.8, 395.3, 395.5, 162480]
["2021-02-08T15:24:00+05:30", 395.45, 395.8, 395.4, 395.75, 85289]
["2021-02-08T15:25:00+05:30", 395.75, 396.15, 395.7, 395.9, 180961]
["2021-02-08T15:26:00+05:30", 395.8, 396.0, 395.75, 395.85, 60026]
["2021-02-08T15:27:00+05:30", 395.85, 396.15, 395.85, 396.15, 128495]
["2021-02-08T15:28:00+05:30", 396.15, 396.15, 395.65, 395.75, 308919]
["2021-02-08T15:29:00+05:30", 395.75, 397.05, 395.65, 397.05, 97173]
